\begin{table*}[]
\centering
\begin{tabular}{|c|c|c|c|c|c|c|}
\hline
Energy & Year & Bin Edges \\
\hline
7.7 & 2010 & 6, 9, 12, 17, 24, 32, 42, 54, 69, 86, 106, 129, 156, 188, 226, 271 \\
11.5 & 2010 & 8, 11, 16, 22, 31, 41, 54, 70, 88, 110, 135, 165, 200, 241, 288, 344 \\
19.6 & 2011 & 10, 15, 21, 30, 41, 55, 72, 92, 117, 145, 179, 219, 264, 316, 377, 449 \\
27 & 2011 & 11, 16, 23, 33, 45, 60, 79, 101, 128, 160, 197, 240, 290, 347, 413, 491 \\
39 & 2010 & 12, 17, 25, 35, 48, 64, 84, 108, 137, 171, 210, 256, 309, 370, 440, 523 \\
62.4 & 2010 & 13, 19, 27, 38, 52, 70, 92, 119, 150, 188, 231, 281, 339, 406, 483, 572 \\
\hline
\end{tabular}
\end{table*}